[cosmological_parameters]
a_s = 1.974617E-9
omega_m = 3.042234E-01
n_s = 9.382196E-01
h0 = 6.756999E-01
ombh2 = 2.115622E-02
omega_k = 0.0
w = -1.0
wa = 0.0
tau = 0.0851
mnu = 0.06
##
[halo_model_parameters]
a_bary = 2.234454E+00
##
[intrinsic_alignment_parameters]
a1 = 7.476890E-01
a2 = -1.068794E+00
alpha1 = -5.604639E+00
alpha2 = -3.578378E+00
bias_ta = 4.008411E-01
z_piv = 0.62
##
[nz_sample_errors]
bias_1 = -1.412414E-03
bias_2 = 1.528666E-02
bias_3 = 1.196145E-01
bias_4 = 1.902150E-01
##
[shear_calibration_parameters]
m1 = -2.405083E-03
m2 = 4.774299E-03
m3 = -5.700298E-03
m4 = -3.367102E-04
##
[psf_systematics_parameters]
psf_cor1_z1 = 1.879302E-01
psf_cor2_z1 = -3.833704E-01
psf_cor3_z1 = -3.163331E-01
psf_cor4_z1 = 2.035928E-01
psf_c1_z1 = 0.
psf_c2_z1 = 0.
##
