m1 = -0.002405083
m2 = 0.004774299
m3 = -0.005700298
m4 = -0.0003367102
