a1 = 0.747689
a2 = -1.068794
alpha1 = -5.604639
alpha2 = -3.578378
alphadel = -5.604639
bias_ta = 0.4008411
bias_tt = 1.0
z_piv = 0.62
