a_s = 1.974617e-09
baryon_fraction = 0.1523132726194944
h0 = 0.6756999
hubble = 67.56999
k = -0.0
mnu = 0.06
n_s = 0.9382196
ombh2 = 0.02115622
omch2 = 0.11709897415510098
omega_b = 0.046337261661429485
omega_c = 0.2564731285098093
omega_k = 0.0
omega_lambda = 0.6957766000000001
omega_m = 0.3042234
omega_nu = 0.0014130098287611903
omlamh2 = 0.3176709691652913
ommh2 = 0.13889938569471877
omnuh2 = 0.0006451383989381787
s_8 = 0.7815905194402597
sigma_8 = 0.7761463193940048
tau = 0.0851
w = -1.0
wa = 0.0
