psf_c1_z1 = 0.0
psf_c2_z1 = 0.0
psf_cor1_z1 = 0.1879302
psf_cor2_z1 = -0.3833704
psf_cor3_z1 = -0.3163331
psf_cor4_z1 = 0.2035928
