bias_1 = -0.001412414
bias_2 = 0.01528666
bias_3 = 0.1196145
bias_4 = 0.190215
